98003851
98006528
98012137
98013702
98016222
98016309
98034969
98034976
98044449
98046049
98067106
98069131
98076625
98086353
98086366
98086402
98095132
98095137
98097163
98108030
98136134
98138630
98146385
98146993
98157141
98181021
98181033
98191662
98202903
98204348
98211721
98228070
98230588
98230596
98230597
98230598
98230609
98230637
98230642
98244699
98250064
98250093
98250095
98255331
98258504
98260518
98278267
98278346
98291306
98292140
98305564
98305566
98315455
98315526
98326558
98326559
98329322
98329412
99003010
99005307
99005316
99011013
99015117
99015118
99020198
99020203
99028832
99028845
99034330
99038571
99042776
99042777
99042778
99042847
99042898
99048471
99049246
99058784
99065052
99065325
99077986
99078221
99091125
99109581
99115219
99123833
99129457
99129499
99129582
99138798
99148035
99157095
99160921
99170553
99179889
99179916
99187900
99192723
99194212
99198367
